// Game: Quake
// Format: Standard
// entity 0
{
"classname" "worldspawn"
"wad" "C:/Users/jackb/Documents/quake-leveldesign-starterkit-master/wads/START.WAD"
// brush 0
{
( -64 -64 -16 ) ( -64 -63 -16 ) ( -64 -64 -15 ) bricka2_2 -0 -0 -0 1 1
( -64 -64 -16 ) ( -64 -64 -15 ) ( -63 -64 -16 ) bricka2_2 -0 -0 -0 1 1
( -64 -64 -16 ) ( -63 -64 -16 ) ( -64 -63 -16 ) bricka2_2 -0 -0 -0 1 1
( 64 64 16 ) ( 64 65 16 ) ( 65 64 16 ) bricka2_2 -0 -0 -0 1 1
( 64 448 16 ) ( 65 448 16 ) ( 64 448 17 ) bricka2_2 -0 -0 -0 1 1
( 448 64 16 ) ( 448 64 17 ) ( 448 65 16 ) bricka2_2 -0 -0 -0 1 1
}
// brush 1
{
( -64 448 16 ) ( -64 448 17 ) ( -64 447 16 ) metal5_4 -0 32 180 1 -1
( 64 -64 48 ) ( 64 -64 49 ) ( 65 -64 48 ) metal5_4 -0 32 -0 1 1
( -64 448 16 ) ( -64 447 16 ) ( -63 448 16 ) metal5_4 -0 -0 270 1 1
( 64 320 352 ) ( 65 320 352 ) ( 64 319 352 ) metal5_4 -0 -0 270 1 1
( -64 -32 16 ) ( -63 -32 16 ) ( -64 -32 17 ) metal5_4 -0 32 -0 1 1
( 448 320 48 ) ( 448 319 48 ) ( 448 320 49 ) metal5_4 -0 32 180 1 -1
}
// brush 2
{
( 416 -64 16 ) ( 416 -63 16 ) ( 416 -64 17 ) metal5_4 -0 32 -0 1 1
( -64 -64 16 ) ( -64 -64 17 ) ( -63 -64 16 ) metal5_4 -0 32 -0 1 1
( -64 -64 16 ) ( -63 -64 16 ) ( -64 -63 16 ) metal5_4 -0 -0 -0 1 1
( 64 64 352 ) ( 64 65 352 ) ( 65 64 352 ) metal5_4 -0 -0 -0 1 1
( 64 448 48 ) ( 65 448 48 ) ( 64 448 49 ) metal5_4 -0 32 -0 1 1
( 448 64 48 ) ( 448 64 49 ) ( 448 65 48 ) metal5_4 -0 32 -0 1 1
}
// brush 3
{
( -64 320 336 ) ( -64 319 336 ) ( -64 320 335 ) tech01_1 -0 -0 -0 1 1
( 320 -64 336 ) ( 320 -64 335 ) ( 319 -64 336 ) tech01_1 -0 -0 -0 1 1
( 320 320 336 ) ( 319 320 336 ) ( 320 319 336 ) tech01_1 -0 -0 -0 1 1
( 448 448 368 ) ( 448 447 368 ) ( 447 448 368 ) tech01_1 -0 -0 -0 1 1
( 448 448 368 ) ( 447 448 368 ) ( 448 448 367 ) tech01_1 -0 -0 -0 1 1
( 448 448 368 ) ( 448 448 367 ) ( 448 447 368 ) tech01_1 -0 -0 -0 1 1
}
// brush 4
{
( -64 320 304 ) ( -64 319 304 ) ( -64 320 303 ) metal5_4 -0 32 -0 1 1
( 320 -64 304 ) ( 320 -64 303 ) ( 319 -64 304 ) metal5_4 -0 32 -0 1 1
( 320 320 -0 ) ( 319 320 -0 ) ( 320 319 -0 ) metal5_4 -0 -0 -0 1 1
( 448 448 336 ) ( 448 447 336 ) ( 447 448 336 ) metal5_4 -0 -0 -0 1 1
( 448 448 336 ) ( 447 448 336 ) ( 448 448 335 ) metal5_4 -0 32 -0 1 1
( -32 448 336 ) ( -32 448 335 ) ( -32 447 336 ) metal5_4 -0 32 -0 1 1
}
// brush 5
{
( -64 64 304 ) ( -64 64 303 ) ( -64 65 304 ) metal5_4 -0 32 180 1 -1
( 448 416 336 ) ( 448 416 335 ) ( 447 416 336 ) metal5_4 -0 32 -0 1 1
( 320 64 -0 ) ( 320 65 -0 ) ( 319 64 -0 ) metal5_4 -0 -0 270 1 1
( 448 -64 336 ) ( 447 -64 336 ) ( 448 -63 336 ) metal5_4 -0 -0 270 1 1
( 320 448 304 ) ( 319 448 304 ) ( 320 448 303 ) metal5_4 -0 32 -0 1 1
( 448 -64 336 ) ( 448 -63 336 ) ( 448 -64 335 ) metal5_4 -0 32 180 1 -1
}
// brush 6
{
( -0 -0 -0 ) ( -0 1 -0 ) ( -0 -0 1 ) tech04_3 0 0 0 1 1
( -0 -0 -0 ) ( -0 -0 1 ) ( 1 -0 -0 ) tech04_3 0 0 0 1 1
( -0 -0 -0 ) ( 1 -0 -0 ) ( -0 1 -0 ) tech04_3 0 0 0 1 1
( 96 96 352 ) ( 96 97 352 ) ( 97 96 352 ) tech04_3 0 0 0 1 1
( 96 64 32 ) ( 97 64 32 ) ( 96 64 33 ) tech04_3 0 0 0 1 1
( 64 96 32 ) ( 64 96 33 ) ( 64 97 32 ) tech04_3 0 0 0 1 1
}
// brush 7
{
( -0 320 -0 ) ( -0 321 -0 ) ( -0 320 1 ) tech04_3 0 0 0 1 1
( -0 320 -0 ) ( -0 320 1 ) ( 1 320 -0 ) tech04_3 0 0 0 1 1
( -0 320 -0 ) ( 1 320 -0 ) ( -0 321 -0 ) tech04_3 0 0 0 1 1
( 96 416 352 ) ( 96 417 352 ) ( 97 416 352 ) tech04_3 0 0 0 1 1
( 96 384 32 ) ( 97 384 32 ) ( 96 384 33 ) tech04_3 0 0 0 1 1
( 64 416 32 ) ( 64 416 33 ) ( 64 417 32 ) tech04_3 0 0 0 1 1
}
// brush 8
{
( 320 320 -0 ) ( 320 321 -0 ) ( 320 320 1 ) tech04_3 0 0 0 1 1
( 320 320 -0 ) ( 320 320 1 ) ( 321 320 -0 ) tech04_3 0 0 0 1 1
( 320 320 -0 ) ( 321 320 -0 ) ( 320 321 -0 ) tech04_3 0 0 0 1 1
( 416 416 352 ) ( 416 417 352 ) ( 417 416 352 ) tech04_3 0 0 0 1 1
( 416 384 32 ) ( 417 384 32 ) ( 416 384 33 ) tech04_3 0 0 0 1 1
( 384 416 32 ) ( 384 416 33 ) ( 384 417 32 ) tech04_3 0 0 0 1 1
}
// brush 9
{
( 320 -0 -0 ) ( 320 1 -0 ) ( 320 -0 1 ) tech04_3 0 0 0 1 1
( 320 -0 -0 ) ( 320 -0 1 ) ( 321 -0 -0 ) tech04_3 0 0 0 1 1
( 320 -0 -0 ) ( 321 -0 -0 ) ( 320 1 -0 ) tech04_3 0 0 0 1 1
( 416 96 352 ) ( 416 97 352 ) ( 417 96 352 ) tech04_3 0 0 0 1 1
( 416 64 32 ) ( 417 64 32 ) ( 416 64 33 ) tech04_3 0 0 0 1 1
( 384 96 32 ) ( 384 96 33 ) ( 384 97 32 ) tech04_3 0 0 0 1 1
}
}
// entity 1
{
"classname" "info_player_start"
"origin" "32 192 40"
}
// entity 2
{
"classname" "light_torch_small_walltorch"
"origin" "28 316 140"
}
// entity 3
{
"classname" "light_torch_small_walltorch"
"origin" "348 316 140"
}
// entity 4
{
"classname" "light_torch_small_walltorch"
"origin" "28 68 140"
}
// entity 5
{
"classname" "light_torch_small_walltorch"
"origin" "348 68 140"
}
// entity 6
{
"classname" "weapon_grenadelauncher"
"origin" "144 192 16"
}
// entity 7
{
"classname" "monster_zombie"
"origin" "368 288 40"
"angle" "180"
}
// entity 8
{
"classname" "monster_zombie"
"origin" "336 112 40"
"angle" "180"
}
// entity 9
{
"classname" "monster_zombie"
"origin" "400 208 40"
"angle" "180"
}
// entity 10
{
"classname" "light"
"origin" "376 200 296"
}
